0.916347
0.335967
0.527620
0.843925
0.971812
0.239396
0.264894
0.179741
0.761955
0.231292
0.270356
0.785902
0.060253
0.170807
0.307973
0.822263
0.615392
0.733693
0.933133
0.726916
0.807056
0.787386
0.877810
0.961512
0.386202
0.416435
0.579595
0.486990
0.310343
0.825410
0.355378
0.845333
0.816979
0.146947
0.228664
0.001875
0.144115
0.461611
0.686272
0.788389
0.257406
0.735508
0.100093
0.747840
0.708919
0.558228
0.340443
0.926131
0.290619
0.440556
0.320028
0.083731
0.492783
0.447079
0.135697
0.450872
0.297757
0.297212
0.866030
0.454679
0.475231
0.989251
0.386542
0.376388
0.067025
0.970952
0.184305
0.113725
0.005843
0.897992
0.696396
0.730007
0.980419
0.854964
0.221512
0.260814
0.493683
0.344607
0.723894
0.954922
0.144193
0.427569
0.579287
0.273014
0.155068
0.680643
0.422941
0.220521
0.068477
0.465218
0.121721
0.005484
0.884526
0.704370
0.581374
0.284800
0.146915
0.566874
0.644347
0.979626
